{
 "cells": [
  {
   "cell_type": "code",
   "execution_count": 53,
   "metadata": {},
   "outputs": [],
   "source": [
    "import pandas as pd\n",
    "import numpy as np\n",
    "import matplotlib.pyplot as plt\n"
   ]
  },
  {
   "cell_type": "code",
   "execution_count": 54,
   "metadata": {},
   "outputs": [],
   "source": [
    "data = np.random.normal(loc=2, scale=2, size=(100, 10))  # 100 rows, 10 columns\n",
    "columns = [f'X_{i+1}' for i in range(10)]\n",
    "training_data = pd.DataFrame(data, columns=columns)"
   ]
  },
  {
   "cell_type": "code",
   "execution_count": 55,
   "metadata": {},
   "outputs": [
    {
     "data": {
      "text/html": [
       "<div>\n",
       "<style scoped>\n",
       "    .dataframe tbody tr th:only-of-type {\n",
       "        vertical-align: middle;\n",
       "    }\n",
       "\n",
       "    .dataframe tbody tr th {\n",
       "        vertical-align: top;\n",
       "    }\n",
       "\n",
       "    .dataframe thead th {\n",
       "        text-align: right;\n",
       "    }\n",
       "</style>\n",
       "<table border=\"1\" class=\"dataframe\">\n",
       "  <thead>\n",
       "    <tr style=\"text-align: right;\">\n",
       "      <th></th>\n",
       "      <th>X_1</th>\n",
       "      <th>X_2</th>\n",
       "      <th>X_3</th>\n",
       "      <th>X_4</th>\n",
       "      <th>X_5</th>\n",
       "      <th>X_6</th>\n",
       "      <th>X_7</th>\n",
       "      <th>X_8</th>\n",
       "      <th>X_9</th>\n",
       "      <th>X_10</th>\n",
       "    </tr>\n",
       "  </thead>\n",
       "  <tbody>\n",
       "    <tr>\n",
       "      <th>0</th>\n",
       "      <td>4.176061</td>\n",
       "      <td>-2.124495</td>\n",
       "      <td>1.898811</td>\n",
       "      <td>-1.151789</td>\n",
       "      <td>2.125618</td>\n",
       "      <td>2.219504</td>\n",
       "      <td>2.368070</td>\n",
       "      <td>-1.786229</td>\n",
       "      <td>-0.174892</td>\n",
       "      <td>2.836420</td>\n",
       "    </tr>\n",
       "    <tr>\n",
       "      <th>1</th>\n",
       "      <td>2.536903</td>\n",
       "      <td>4.496998</td>\n",
       "      <td>2.775563</td>\n",
       "      <td>3.143758</td>\n",
       "      <td>2.996400</td>\n",
       "      <td>1.822284</td>\n",
       "      <td>3.206654</td>\n",
       "      <td>1.980314</td>\n",
       "      <td>5.010293</td>\n",
       "      <td>1.029629</td>\n",
       "    </tr>\n",
       "    <tr>\n",
       "      <th>2</th>\n",
       "      <td>2.931182</td>\n",
       "      <td>2.086748</td>\n",
       "      <td>4.738080</td>\n",
       "      <td>3.305496</td>\n",
       "      <td>3.862174</td>\n",
       "      <td>3.034021</td>\n",
       "      <td>4.025993</td>\n",
       "      <td>1.226849</td>\n",
       "      <td>3.972145</td>\n",
       "      <td>2.654846</td>\n",
       "    </tr>\n",
       "    <tr>\n",
       "      <th>3</th>\n",
       "      <td>1.111852</td>\n",
       "      <td>5.907216</td>\n",
       "      <td>3.318670</td>\n",
       "      <td>0.713044</td>\n",
       "      <td>3.695110</td>\n",
       "      <td>2.781693</td>\n",
       "      <td>1.668595</td>\n",
       "      <td>5.194743</td>\n",
       "      <td>3.120984</td>\n",
       "      <td>0.617683</td>\n",
       "    </tr>\n",
       "    <tr>\n",
       "      <th>4</th>\n",
       "      <td>1.983424</td>\n",
       "      <td>3.916916</td>\n",
       "      <td>1.273085</td>\n",
       "      <td>5.670789</td>\n",
       "      <td>2.331819</td>\n",
       "      <td>-1.189856</td>\n",
       "      <td>1.206612</td>\n",
       "      <td>0.911327</td>\n",
       "      <td>2.170089</td>\n",
       "      <td>2.642420</td>\n",
       "    </tr>\n",
       "  </tbody>\n",
       "</table>\n",
       "</div>"
      ],
      "text/plain": [
       "        X_1       X_2       X_3       X_4       X_5       X_6       X_7  \\\n",
       "0  4.176061 -2.124495  1.898811 -1.151789  2.125618  2.219504  2.368070   \n",
       "1  2.536903  4.496998  2.775563  3.143758  2.996400  1.822284  3.206654   \n",
       "2  2.931182  2.086748  4.738080  3.305496  3.862174  3.034021  4.025993   \n",
       "3  1.111852  5.907216  3.318670  0.713044  3.695110  2.781693  1.668595   \n",
       "4  1.983424  3.916916  1.273085  5.670789  2.331819 -1.189856  1.206612   \n",
       "\n",
       "        X_8       X_9      X_10  \n",
       "0 -1.786229 -0.174892  2.836420  \n",
       "1  1.980314  5.010293  1.029629  \n",
       "2  1.226849  3.972145  2.654846  \n",
       "3  5.194743  3.120984  0.617683  \n",
       "4  0.911327  2.170089  2.642420  "
      ]
     },
     "execution_count": 55,
     "metadata": {},
     "output_type": "execute_result"
    }
   ],
   "source": [
    "training_data.head()"
   ]
  },
  {
   "cell_type": "code",
   "execution_count": 56,
   "metadata": {},
   "outputs": [],
   "source": [
    "X_transpose = np.array(training_data)\n",
    "X_bar_transpose = X_transpose - np.mean(X_transpose,axis=0)"
   ]
  },
  {
   "cell_type": "code",
   "execution_count": 57,
   "metadata": {},
   "outputs": [
    {
     "data": {
      "text/plain": [
       "((100, 10), (100, 10))"
      ]
     },
     "execution_count": 57,
     "metadata": {},
     "output_type": "execute_result"
    }
   ],
   "source": [
    "X_bar_transpose.shape, X_transpose.shape"
   ]
  },
  {
   "cell_type": "code",
   "execution_count": 58,
   "metadata": {},
   "outputs": [],
   "source": [
    "X_bar = X_bar_transpose.T"
   ]
  },
  {
   "cell_type": "code",
   "execution_count": 59,
   "metadata": {},
   "outputs": [
    {
     "data": {
      "text/plain": [
       "(10, 100)"
      ]
     },
     "execution_count": 59,
     "metadata": {},
     "output_type": "execute_result"
    }
   ],
   "source": [
    "X_bar.shape"
   ]
  },
  {
   "cell_type": "code",
   "execution_count": 60,
   "metadata": {},
   "outputs": [],
   "source": [
    "N_train = training_data.shape[0]\n",
    "\n",
    "sigma = (1/N_train) * np.matmul(X_bar,X_bar_transpose)"
   ]
  },
  {
   "cell_type": "code",
   "execution_count": 61,
   "metadata": {},
   "outputs": [
    {
     "data": {
      "text/plain": [
       "(10, 10)"
      ]
     },
     "execution_count": 61,
     "metadata": {},
     "output_type": "execute_result"
    }
   ],
   "source": [
    "sigma.shape"
   ]
  },
  {
   "cell_type": "code",
   "execution_count": 62,
   "metadata": {},
   "outputs": [],
   "source": [
    "factorized_sigma = np.linalg.svd(sigma)"
   ]
  },
  {
   "cell_type": "code",
   "execution_count": 63,
   "metadata": {},
   "outputs": [
    {
     "data": {
      "text/plain": [
       "SVDResult(U=array([[-0.11113693, -0.50269954, -0.02915207, -0.40458137,  0.43162218,\n",
       "         0.08823053,  0.29184418, -0.34893004,  0.39720646,  0.1078208 ],\n",
       "       [ 0.37528202,  0.09907408,  0.46538749,  0.24690979,  0.53483631,\n",
       "         0.4224429 ,  0.22390131,  0.14824961, -0.17477047, -0.06808402],\n",
       "       [ 0.03648643,  0.66178319, -0.28956201, -0.26810022,  0.20282005,\n",
       "         0.08727374,  0.07134124,  0.13991055,  0.47319711, -0.32810844],\n",
       "       [ 0.42969808, -0.10126242, -0.62392301,  0.21337173,  0.13400865,\n",
       "        -0.10444807,  0.21883031,  0.2883033 ,  0.00917992,  0.45862901],\n",
       "       [-0.5985261 ,  0.09607438, -0.26792724,  0.36584628,  0.01243729,\n",
       "         0.20290407,  0.56115316, -0.09874574, -0.22029194, -0.11140394],\n",
       "       [-0.19905298,  0.12249573,  0.2872271 , -0.5176132 , -0.09145603,\n",
       "        -0.16043901,  0.38439011,  0.51900642, -0.18770048,  0.32937837],\n",
       "       [ 0.20184408,  0.14207353, -0.28978621, -0.45339594,  0.14917683,\n",
       "         0.01958673, -0.02212238, -0.37008716, -0.68866995, -0.12317705],\n",
       "       [ 0.12093479,  0.39650058,  0.26081058,  0.19060331,  0.05813814,\n",
       "        -0.55002453,  0.26298194, -0.50669221,  0.09105473,  0.28933682],\n",
       "       [ 0.16598946, -0.29228828,  0.0046964 ,  0.05694683,  0.07399549,\n",
       "        -0.56439305,  0.27916121,  0.21492047, -0.05801125, -0.65745579],\n",
       "       [ 0.42434178, -0.04691388,  0.05598117, -0.1050566 , -0.65492758,\n",
       "         0.32691036,  0.44887681, -0.18591779,  0.13416394, -0.11707293]]), S=array([6.08263083, 5.49415161, 4.40960317, 4.16059334, 3.73544439,\n",
       "       2.84825684, 2.78978083, 2.32035446, 2.22197778, 2.13225064]), Vh=array([[-0.11113693,  0.37528202,  0.03648643,  0.42969808, -0.5985261 ,\n",
       "        -0.19905298,  0.20184408,  0.12093479,  0.16598946,  0.42434178],\n",
       "       [-0.50269954,  0.09907408,  0.66178319, -0.10126242,  0.09607438,\n",
       "         0.12249573,  0.14207353,  0.39650058, -0.29228828, -0.04691388],\n",
       "       [-0.02915207,  0.46538749, -0.28956201, -0.62392301, -0.26792724,\n",
       "         0.2872271 , -0.28978621,  0.26081058,  0.0046964 ,  0.05598117],\n",
       "       [-0.40458137,  0.24690979, -0.26810022,  0.21337173,  0.36584628,\n",
       "        -0.5176132 , -0.45339594,  0.19060331,  0.05694683, -0.1050566 ],\n",
       "       [ 0.43162218,  0.53483631,  0.20282005,  0.13400865,  0.01243729,\n",
       "        -0.09145603,  0.14917683,  0.05813814,  0.07399549, -0.65492758],\n",
       "       [ 0.08823053,  0.4224429 ,  0.08727374, -0.10444807,  0.20290407,\n",
       "        -0.16043901,  0.01958673, -0.55002453, -0.56439305,  0.32691036],\n",
       "       [ 0.29184418,  0.22390131,  0.07134124,  0.21883031,  0.56115316,\n",
       "         0.38439011, -0.02212238,  0.26298194,  0.27916121,  0.44887681],\n",
       "       [-0.34893004,  0.14824961,  0.13991055,  0.2883033 , -0.09874574,\n",
       "         0.51900642, -0.37008716, -0.50669221,  0.21492047, -0.18591779],\n",
       "       [ 0.39720646, -0.17477047,  0.47319711,  0.00917992, -0.22029194,\n",
       "        -0.18770048, -0.68866995,  0.09105473, -0.05801125,  0.13416394],\n",
       "       [ 0.1078208 , -0.06808402, -0.32810844,  0.45862901, -0.11140394,\n",
       "         0.32937837, -0.12317705,  0.28933682, -0.65745579, -0.11707293]]))"
      ]
     },
     "execution_count": 63,
     "metadata": {},
     "output_type": "execute_result"
    }
   ],
   "source": [
    "factorized_sigma"
   ]
  },
  {
   "cell_type": "code",
   "execution_count": 64,
   "metadata": {},
   "outputs": [],
   "source": [
    "Q = factorized_sigma[0]\n"
   ]
  },
  {
   "cell_type": "code",
   "execution_count": 65,
   "metadata": {},
   "outputs": [],
   "source": [
    "projected_data = np.matmul(Q,X_bar)"
   ]
  },
  {
   "cell_type": "code",
   "execution_count": 66,
   "metadata": {},
   "outputs": [],
   "source": [
    "projected_data_transpose = projected_data.T"
   ]
  },
  {
   "cell_type": "code",
   "execution_count": 67,
   "metadata": {},
   "outputs": [],
   "source": [
    "D = (1/N_train) * np.matmul(projected_data,projected_data_transpose)"
   ]
  },
  {
   "cell_type": "code",
   "execution_count": 68,
   "metadata": {},
   "outputs": [
    {
     "data": {
      "text/plain": [
       "(10, 10)"
      ]
     },
     "execution_count": 68,
     "metadata": {},
     "output_type": "execute_result"
    }
   ],
   "source": [
    "D.shape"
   ]
  },
  {
   "cell_type": "code",
   "execution_count": 69,
   "metadata": {},
   "outputs": [
    {
     "data": {
      "text/plain": [
       "array([[ 3.68425562,  0.47688813, -0.53438243,  0.0373102 , -0.37072405,\n",
       "        -0.66421524,  0.83125677, -0.81365382,  0.32053868, -0.22049714],\n",
       "       [ 0.47688813,  3.76916705, -0.21707664, -0.8020369 ,  0.04525604,\n",
       "         0.29372881,  0.18283406, -0.2213757 ,  0.5217567 , -0.07109652],\n",
       "       [-0.53438243, -0.21707664,  3.51241553,  0.08248229, -0.49133429,\n",
       "        -0.17874033,  0.40042823, -0.29813527, -0.02087959, -0.04602396],\n",
       "       [ 0.0373102 , -0.8020369 ,  0.08248229,  3.51998025, -0.2480711 ,\n",
       "        -0.90857118, -0.22192858,  0.53938802, -0.34339981,  0.4366506 ],\n",
       "       [-0.37072405,  0.04525604, -0.49133429, -0.2480711 ,  2.72825487,\n",
       "         0.48464359, -0.65748526,  0.45737281, -0.03016442, -0.09916408],\n",
       "       [-0.66421524,  0.29372881, -0.17874033, -0.90857118,  0.48464359,\n",
       "         3.98879862, -0.41889766, -0.28416934, -0.62349994, -0.04853868],\n",
       "       [ 0.83125677,  0.18283406,  0.40042823, -0.22192858, -0.65748526,\n",
       "        -0.41889766,  3.75110195, -0.71240985,  0.13024161, -0.13105814],\n",
       "       [-0.81365382, -0.2213757 , -0.29813527,  0.53938802,  0.45737281,\n",
       "        -0.28416934, -0.71240985,  3.6117887 ,  0.01170152,  0.33799865],\n",
       "       [ 0.32053868,  0.5217567 , -0.02087959, -0.34339981, -0.03016442,\n",
       "        -0.62349994,  0.13024161,  0.01170152,  3.40033675, -0.34944098],\n",
       "       [-0.22049714, -0.07109652, -0.04602396,  0.4366506 , -0.09916408,\n",
       "        -0.04853868, -0.13105814,  0.33799865, -0.34944098,  4.22894454]])"
      ]
     },
     "execution_count": 69,
     "metadata": {},
     "output_type": "execute_result"
    }
   ],
   "source": [
    "D"
   ]
  },
  {
   "cell_type": "code",
   "execution_count": 70,
   "metadata": {},
   "outputs": [],
   "source": [
    "factorized_D_sigma = np.linalg.svd(D)"
   ]
  },
  {
   "cell_type": "code",
   "execution_count": 71,
   "metadata": {},
   "outputs": [],
   "source": [
    "Q_transpose = factorized_D_sigma[0]\n",
    "Q = Q_transpose.T\n",
    "z = np.matmul(Q,X_bar)"
   ]
  },
  {
   "cell_type": "code",
   "execution_count": 72,
   "metadata": {},
   "outputs": [],
   "source": [
    "new_data = pd.DataFrame(data=z.T, columns=[f'X_{i+1}' for i in range(10)])"
   ]
  },
  {
   "cell_type": "code",
   "execution_count": 73,
   "metadata": {},
   "outputs": [
    {
     "data": {
      "text/html": [
       "<div>\n",
       "<style scoped>\n",
       "    .dataframe tbody tr th:only-of-type {\n",
       "        vertical-align: middle;\n",
       "    }\n",
       "\n",
       "    .dataframe tbody tr th {\n",
       "        vertical-align: top;\n",
       "    }\n",
       "\n",
       "    .dataframe thead th {\n",
       "        text-align: right;\n",
       "    }\n",
       "</style>\n",
       "<table border=\"1\" class=\"dataframe\">\n",
       "  <thead>\n",
       "    <tr style=\"text-align: right;\">\n",
       "      <th></th>\n",
       "      <th>X_1</th>\n",
       "      <th>X_2</th>\n",
       "      <th>X_3</th>\n",
       "      <th>X_4</th>\n",
       "      <th>X_5</th>\n",
       "      <th>X_6</th>\n",
       "      <th>X_7</th>\n",
       "      <th>X_8</th>\n",
       "      <th>X_9</th>\n",
       "      <th>X_10</th>\n",
       "    </tr>\n",
       "  </thead>\n",
       "  <tbody>\n",
       "    <tr>\n",
       "      <th>0</th>\n",
       "      <td>-1.518460</td>\n",
       "      <td>-0.631599</td>\n",
       "      <td>3.493760</td>\n",
       "      <td>0.952110</td>\n",
       "      <td>3.709501</td>\n",
       "      <td>2.192561</td>\n",
       "      <td>-3.247715</td>\n",
       "      <td>-2.932973</td>\n",
       "      <td>0.298220</td>\n",
       "      <td>-1.305268</td>\n",
       "    </tr>\n",
       "    <tr>\n",
       "      <th>1</th>\n",
       "      <td>-2.135935</td>\n",
       "      <td>-0.467822</td>\n",
       "      <td>-1.748593</td>\n",
       "      <td>-0.525946</td>\n",
       "      <td>-1.825370</td>\n",
       "      <td>-0.093004</td>\n",
       "      <td>0.645079</td>\n",
       "      <td>1.916647</td>\n",
       "      <td>1.680020</td>\n",
       "      <td>0.973448</td>\n",
       "    </tr>\n",
       "    <tr>\n",
       "      <th>2</th>\n",
       "      <td>-1.347151</td>\n",
       "      <td>0.256306</td>\n",
       "      <td>1.248337</td>\n",
       "      <td>0.196307</td>\n",
       "      <td>-1.310458</td>\n",
       "      <td>0.263910</td>\n",
       "      <td>-0.597761</td>\n",
       "      <td>1.977757</td>\n",
       "      <td>3.640371</td>\n",
       "      <td>0.208785</td>\n",
       "    </tr>\n",
       "    <tr>\n",
       "      <th>3</th>\n",
       "      <td>0.485579</td>\n",
       "      <td>-3.077542</td>\n",
       "      <td>-2.233167</td>\n",
       "      <td>-0.865653</td>\n",
       "      <td>-3.170029</td>\n",
       "      <td>-2.096218</td>\n",
       "      <td>1.817828</td>\n",
       "      <td>-0.055164</td>\n",
       "      <td>1.327215</td>\n",
       "      <td>-0.707869</td>\n",
       "    </tr>\n",
       "    <tr>\n",
       "      <th>4</th>\n",
       "      <td>-0.232141</td>\n",
       "      <td>2.753808</td>\n",
       "      <td>-1.981596</td>\n",
       "      <td>0.800760</td>\n",
       "      <td>0.171205</td>\n",
       "      <td>1.436032</td>\n",
       "      <td>2.487816</td>\n",
       "      <td>-0.053560</td>\n",
       "      <td>0.289293</td>\n",
       "      <td>2.778447</td>\n",
       "    </tr>\n",
       "  </tbody>\n",
       "</table>\n",
       "</div>"
      ],
      "text/plain": [
       "        X_1       X_2       X_3       X_4       X_5       X_6       X_7  \\\n",
       "0 -1.518460 -0.631599  3.493760  0.952110  3.709501  2.192561 -3.247715   \n",
       "1 -2.135935 -0.467822 -1.748593 -0.525946 -1.825370 -0.093004  0.645079   \n",
       "2 -1.347151  0.256306  1.248337  0.196307 -1.310458  0.263910 -0.597761   \n",
       "3  0.485579 -3.077542 -2.233167 -0.865653 -3.170029 -2.096218  1.817828   \n",
       "4 -0.232141  2.753808 -1.981596  0.800760  0.171205  1.436032  2.487816   \n",
       "\n",
       "        X_8       X_9      X_10  \n",
       "0 -2.932973  0.298220 -1.305268  \n",
       "1  1.916647  1.680020  0.973448  \n",
       "2  1.977757  3.640371  0.208785  \n",
       "3 -0.055164  1.327215 -0.707869  \n",
       "4 -0.053560  0.289293  2.778447  "
      ]
     },
     "execution_count": 73,
     "metadata": {},
     "output_type": "execute_result"
    }
   ],
   "source": [
    "new_data.head()"
   ]
  },
  {
   "cell_type": "code",
   "execution_count": 74,
   "metadata": {},
   "outputs": [],
   "source": [
    "#Applying PCA: helps in diamension reduction\n",
    "# fact_D_sigma = Q_transpose.^.Q\n",
    "\n",
    "eigen_value = factorized_D_sigma[1]\n",
    "total = np.sum(eigen_value)\n",
    "var_sum = 0\n",
    "preserved_var_percentage = 0.9\n",
    "\n",
    "for i in range(eigen_value.shape[0]):\n",
    "    \n",
    "    if(var_sum/total) > preserved_var_percentage:\n",
    "        \n",
    "        break\n",
    "    \n",
    "    var_sum = var_sum + eigen_value[i]\n",
    "    \n",
    "     "
   ]
  },
  {
   "cell_type": "code",
   "execution_count": 75,
   "metadata": {},
   "outputs": [],
   "source": [
    "projected_dim_reduction_data = new_data.iloc[:,0:(i-1)]"
   ]
  },
  {
   "cell_type": "code",
   "execution_count": 76,
   "metadata": {},
   "outputs": [
    {
     "data": {
      "text/html": [
       "<div>\n",
       "<style scoped>\n",
       "    .dataframe tbody tr th:only-of-type {\n",
       "        vertical-align: middle;\n",
       "    }\n",
       "\n",
       "    .dataframe tbody tr th {\n",
       "        vertical-align: top;\n",
       "    }\n",
       "\n",
       "    .dataframe thead th {\n",
       "        text-align: right;\n",
       "    }\n",
       "</style>\n",
       "<table border=\"1\" class=\"dataframe\">\n",
       "  <thead>\n",
       "    <tr style=\"text-align: right;\">\n",
       "      <th></th>\n",
       "      <th>X_1</th>\n",
       "      <th>X_2</th>\n",
       "      <th>X_3</th>\n",
       "      <th>X_4</th>\n",
       "      <th>X_5</th>\n",
       "      <th>X_6</th>\n",
       "      <th>X_7</th>\n",
       "      <th>X_8</th>\n",
       "    </tr>\n",
       "  </thead>\n",
       "  <tbody>\n",
       "    <tr>\n",
       "      <th>0</th>\n",
       "      <td>-1.518460</td>\n",
       "      <td>-0.631599</td>\n",
       "      <td>3.493760</td>\n",
       "      <td>0.952110</td>\n",
       "      <td>3.709501</td>\n",
       "      <td>2.192561</td>\n",
       "      <td>-3.247715</td>\n",
       "      <td>-2.932973</td>\n",
       "    </tr>\n",
       "    <tr>\n",
       "      <th>1</th>\n",
       "      <td>-2.135935</td>\n",
       "      <td>-0.467822</td>\n",
       "      <td>-1.748593</td>\n",
       "      <td>-0.525946</td>\n",
       "      <td>-1.825370</td>\n",
       "      <td>-0.093004</td>\n",
       "      <td>0.645079</td>\n",
       "      <td>1.916647</td>\n",
       "    </tr>\n",
       "    <tr>\n",
       "      <th>2</th>\n",
       "      <td>-1.347151</td>\n",
       "      <td>0.256306</td>\n",
       "      <td>1.248337</td>\n",
       "      <td>0.196307</td>\n",
       "      <td>-1.310458</td>\n",
       "      <td>0.263910</td>\n",
       "      <td>-0.597761</td>\n",
       "      <td>1.977757</td>\n",
       "    </tr>\n",
       "    <tr>\n",
       "      <th>3</th>\n",
       "      <td>0.485579</td>\n",
       "      <td>-3.077542</td>\n",
       "      <td>-2.233167</td>\n",
       "      <td>-0.865653</td>\n",
       "      <td>-3.170029</td>\n",
       "      <td>-2.096218</td>\n",
       "      <td>1.817828</td>\n",
       "      <td>-0.055164</td>\n",
       "    </tr>\n",
       "    <tr>\n",
       "      <th>4</th>\n",
       "      <td>-0.232141</td>\n",
       "      <td>2.753808</td>\n",
       "      <td>-1.981596</td>\n",
       "      <td>0.800760</td>\n",
       "      <td>0.171205</td>\n",
       "      <td>1.436032</td>\n",
       "      <td>2.487816</td>\n",
       "      <td>-0.053560</td>\n",
       "    </tr>\n",
       "  </tbody>\n",
       "</table>\n",
       "</div>"
      ],
      "text/plain": [
       "        X_1       X_2       X_3       X_4       X_5       X_6       X_7  \\\n",
       "0 -1.518460 -0.631599  3.493760  0.952110  3.709501  2.192561 -3.247715   \n",
       "1 -2.135935 -0.467822 -1.748593 -0.525946 -1.825370 -0.093004  0.645079   \n",
       "2 -1.347151  0.256306  1.248337  0.196307 -1.310458  0.263910 -0.597761   \n",
       "3  0.485579 -3.077542 -2.233167 -0.865653 -3.170029 -2.096218  1.817828   \n",
       "4 -0.232141  2.753808 -1.981596  0.800760  0.171205  1.436032  2.487816   \n",
       "\n",
       "        X_8  \n",
       "0 -2.932973  \n",
       "1  1.916647  \n",
       "2  1.977757  \n",
       "3 -0.055164  \n",
       "4 -0.053560  "
      ]
     },
     "execution_count": 76,
     "metadata": {},
     "output_type": "execute_result"
    }
   ],
   "source": [
    "projected_dim_reduction_data.head()"
   ]
  },
  {
   "cell_type": "code",
   "execution_count": 77,
   "metadata": {},
   "outputs": [
    {
     "data": {
      "text/plain": [
       "<matplotlib.collections.PathCollection at 0x7f116a392b30>"
      ]
     },
     "execution_count": 77,
     "metadata": {},
     "output_type": "execute_result"
    },
    {
     "data": {
